
	*==========================================*
	|     N      *       X      *     F(X)     |
	*==========================================*
	+------------+--------------+--------------+
	|     1     | -50.00000000 | -36.84031499 |
	+------------+--------------+--------------+
	|     2     | -49.00000000 | -36.59305710 |
	+------------+--------------+--------------+
	|     3     | -48.00000000 | -36.34241186 |
	+------------+--------------+--------------+
	|     4     | -47.00000000 | -36.08826080 |
	+------------+--------------+--------------+
	|     5     | -46.00000000 | -35.83047871 |
	+------------+--------------+--------------+
	|     6     | -45.00000000 | -35.56893304 |
	+------------+--------------+--------------+
	|     7     | -44.00000000 | -35.30348335 |
	+------------+--------------+--------------+
	|     8     | -43.00000000 | -35.03398060 |
	+------------+--------------+--------------+
	|     9     | -42.00000000 | -34.76026645 |
	+------------+--------------+--------------+
	|     10     | -41.00000000 | -34.48217240 |
	+------------+--------------+--------------+
	|     11     | -40.00000000 | -34.19951893 |
	+------------+--------------+--------------+
	|     12     | -39.00000000 | -33.91211443 |
	+------------+--------------+--------------+
	|     13     | -38.00000000 | -33.61975407 |
	+------------+--------------+--------------+
	|     14     | -37.00000000 | -33.32221852 |
	+------------+--------------+--------------+
	|     15     | -36.00000000 | -33.01927249 |
	+------------+--------------+--------------+
	|     16     | -35.00000000 | -32.71066310 |
	+------------+--------------+--------------+
	|     17     | -34.00000000 | -32.39611801 |
	+------------+--------------+--------------+
	|     18     | -33.00000000 | -32.07534330 |
	+------------+--------------+--------------+
	|     19     | -32.00000000 | -31.74802104 |
	+------------+--------------+--------------+
	|     20     | -31.00000000 | -31.41380652 |
	+------------+--------------+--------------+
	|     21     | -30.00000000 | -31.07232506 |
	+------------+--------------+--------------+
	|     22     | -29.00000000 | -30.72316826 |
	+------------+--------------+--------------+
	|     23     | -28.00000000 | -30.36588972 |
	+------------+--------------+--------------+
	|     24     | -27.00000000 | -30.00000000 |
	+------------+--------------+--------------+
	|     25     | -26.00000000 | -29.62496068 |
	+------------+--------------+--------------+
	|     26     | -25.00000000 | -29.24017738 |
	+------------+--------------+--------------+
	|     27     | -24.00000000 | -28.84499141 |
	+------------+--------------+--------------+
	|     28     | -23.00000000 | -28.43866980 |
	+------------+--------------+--------------+
	|     29     | -22.00000000 | -28.02039331 |
	+------------+--------------+--------------+
	|     30     | -21.00000000 | -27.58924176 |
	+------------+--------------+--------------+
	|     31     | -20.00000000 | -27.14417617 |
	+------------+--------------+--------------+
	|     32     | -19.00000000 | -26.68401649 |
	+------------+--------------+--------------+
	|     33     | -18.00000000 | -26.20741394 |
	+------------+--------------+--------------+
	|     34     | -17.00000000 | -25.71281591 |
	+------------+--------------+--------------+
	|     35     | -16.00000000 | -25.19842100 |
	+------------+--------------+--------------+
	|     36     | -15.00000000 | -24.66212074 |
	+------------+--------------+--------------+
	|     37     | -14.00000000 | -24.10142264 |
	+------------+--------------+--------------+
	|     38     | -13.00000000 | -23.51334688 |
	+------------+--------------+--------------+
	|     39     | -12.00000000 | -22.89428485 |
	+------------+--------------+--------------+
	|     40     | -11.00000000 | -22.23980091 |
	+------------+--------------+--------------+
	|     41     | -10.00000000 | -21.54434690 |
	+------------+--------------+--------------+
	|     42     | -9.00000000 | -20.80083823 |
	+------------+--------------+--------------+
	|     43     | -8.00000000 | -20.00000000 |
	+------------+--------------+--------------+
	|     44     | -7.00000000 | -19.12931183 |
	+------------+--------------+--------------+
	|     45     | -6.00000000 | -18.17120593 |
	+------------+--------------+--------------+
	|     46     | -5.00000000 | -17.09975947 |
	+------------+--------------+--------------+
	|     47     | -4.00000000 | -15.87401052 |
	+------------+--------------+--------------+
	|     48     | -3.00000000 | -14.42249570 |
	+------------+--------------+--------------+
	|     49     | -2.00000000 | -12.59921050 |
	+------------+--------------+--------------+
	|     50     | -1.00000000 | -10.00000000 |
	+------------+--------------+--------------+
	|     51     | 0.00000000 | 0.00000000 |
	+------------+--------------+--------------+
	|     52     | 1.00000000 | 10.00000000 |
	+------------+--------------+--------------+
	|     53     | 2.00000000 | 12.59921050 |
	+------------+--------------+--------------+
	|     54     | 3.00000000 | 14.42249570 |
	+------------+--------------+--------------+
	|     55     | 4.00000000 | 15.87401052 |
	+------------+--------------+--------------+
	|     56     | 5.00000000 | 17.09975947 |
	+------------+--------------+--------------+
	|     57     | 6.00000000 | 18.17120593 |
	+------------+--------------+--------------+
	|     58     | 7.00000000 | 19.12931183 |
	+------------+--------------+--------------+
	|     59     | 8.00000000 | 20.00000000 |
	+------------+--------------+--------------+
	|     60     | 9.00000000 | 20.80083823 |
	+------------+--------------+--------------+
	|     61     | 10.00000000 | 21.54434690 |
	+------------+--------------+--------------+
	|     62     | 11.00000000 | 22.23980091 |
	+------------+--------------+--------------+
	|     63     | 12.00000000 | 22.89428485 |
	+------------+--------------+--------------+
	|     64     | 13.00000000 | 23.51334688 |
	+------------+--------------+--------------+
	|     65     | 14.00000000 | 24.10142264 |
	+------------+--------------+--------------+
	|     66     | 15.00000000 | 24.66212074 |
	+------------+--------------+--------------+
	|     67     | 16.00000000 | 25.19842100 |
	+------------+--------------+--------------+
	|     68     | 17.00000000 | 25.71281591 |
	+------------+--------------+--------------+
	|     69     | 18.00000000 | 26.20741394 |
	+------------+--------------+--------------+
	|     70     | 19.00000000 | 26.68401649 |
	+------------+--------------+--------------+
	|     71     | 20.00000000 | 27.14417617 |
	+------------+--------------+--------------+
	|     72     | 21.00000000 | 27.58924176 |
	+------------+--------------+--------------+
	|     73     | 22.00000000 | 28.02039331 |
	+------------+--------------+--------------+
	|     74     | 23.00000000 | 28.43866980 |
	+------------+--------------+--------------+
	|     75     | 24.00000000 | 28.84499141 |
	+------------+--------------+--------------+
	|     76     | 25.00000000 | 29.24017738 |
	+------------+--------------+--------------+
	|     77     | 26.00000000 | 29.62496068 |
	+------------+--------------+--------------+
	|     78     | 27.00000000 | 30.00000000 |
	+------------+--------------+--------------+
	|     79     | 28.00000000 | 30.36588972 |
	+------------+--------------+--------------+
	|     80     | 29.00000000 | 30.72316826 |
	+------------+--------------+--------------+
	|     81     | 30.00000000 | 31.07232506 |
	+------------+--------------+--------------+
	|     82     | 31.00000000 | 31.41380652 |
	+------------+--------------+--------------+
	|     83     | 32.00000000 | 31.74802104 |
	+------------+--------------+--------------+
	|     84     | 33.00000000 | 32.07534330 |
	+------------+--------------+--------------+
	|     85     | 34.00000000 | 32.39611801 |
	+------------+--------------+--------------+
	|     86     | 35.00000000 | 32.71066310 |
	+------------+--------------+--------------+
	|     87     | 36.00000000 | 33.01927249 |
	+------------+--------------+--------------+
	|     88     | 37.00000000 | 33.32221852 |
	+------------+--------------+--------------+
	|     89     | 38.00000000 | 33.61975407 |
	+------------+--------------+--------------+
	|     90     | 39.00000000 | 33.91211443 |
	+------------+--------------+--------------+
	|     91     | 40.00000000 | 34.19951893 |
	+------------+--------------+--------------+
	|     92     | 41.00000000 | 34.48217240 |
	+------------+--------------+--------------+
	|     93     | 42.00000000 | 34.76026645 |
	+------------+--------------+--------------+
	|     94     | 43.00000000 | 35.03398060 |
	+------------+--------------+--------------+
	|     95     | 44.00000000 | 35.30348335 |
	+------------+--------------+--------------+
	|     96     | 45.00000000 | 35.56893304 |
	+------------+--------------+--------------+
	|     97     | 46.00000000 | 35.83047871 |
	+------------+--------------+--------------+
	|     98     | 47.00000000 | 36.08826080 |
	+------------+--------------+--------------+
	|     99     | 48.00000000 | 36.34241186 |
	+------------+--------------+--------------+
	|     100     | 49.00000000 | 36.59305710 |
	+------------+--------------+--------------+
	|     101     | 50.00000000 | 36.84031499 |
	+------------+--------------+--------------+
